e#:30374, 26865, 26948.0000
20185, 878, 4540.0000
10265, 22973, 27732.0000
30369, 34318, 34497.0000
30376, 13563, 14110.0000
10128, 27389, 43366.0000
50086, 5290, 49600.0000
30371, 39179, 39797.0000
30408, 9383, 12021.0000
30370, 30161, 30459.0000
30376, 13609, 14110.0000
70835, 38251, 38887.0000
20137, 4101, 4663.0000
20185, 896, 4540.0000
20185, 904, 4540.0000
30365, 43868, 44965.0000
30366, 42135, 42925.0000
20185, 900, 4540.0000
20185, 907, 4540.0000
30365, 43948, 44965.0000
10265, 23246, 27732.0000
10277, 2350, 29751.0000
30408, 9508, 12021.0000
30362, 37091, 38012.0000
20185, 909, 4540.0000
10297, 2280, 3458.0000
10303, 38, 110.0000
30338, 48897, 49185.0000
30371, 39221, 39797.0000
30372, 42689, 42739.0000
20185, 912, 4540.0000
30408, 9583, 12021.0000
50033, 4486, 4801.0000
10265, 23335, 27732.0000
30408, 9901, 12021.0000
10277, 2371, 29751.0000
30355, 50229, 50767.0000
70120, 817, 70120.0000
10128, 27526, 43366.0000
10265, 24312, 27732.0000
10277, 2375, 29751.0000
30408, 11127, 12021.0000
30408, 11127, 12021.0000
30356, 49447, 49521.0000
30371, 39351, 39797.0000
50033, 4500, 4801.0000
10250, 60315, 61781.0000
70836, 4158, 42590.0000
70835, 38356, 38887.0000
20185, 917, 4540.0000
30355, 50620, 50767.0000
30338, 48999, 49185.0000
30362, 37771, 38012.0000
10229, 25648, 33511.0000
30368, 43413, 43828.0000
30369, 34403, 34497.0000
30408, 11213, 12021.0000
30338, 49048, 49185.0000
30361, 40228, 40535.0000
10229, 25430, 33511.0000
70825, 38671, 72099.0000
10277, 2397, 29751.0000
70836, 31541, 42590.0000
30408, 9711, 12021.0000
30361, 40169, 40535.0000
70846, 4681, 8925.0000
10265, 23293, 27732.0000
70836, 5604, 42590.0000
10277, 2362, 29751.0000
30369, 34367, 34497.0000
70835, 38413, 38887.0000
30338, 48948, 49185.0000
30376, 13651, 14110.0000
70836, 6940, 42590.0000
30408, 9791, 12021.0000
10293, 389, 776.0000
20182, 659, 1103.0000
20208, 3, 2647.0000
80117, 55, 1082.0000
50103, 570, 901.0000
50086, 5331, 49600.0000
80117, 130, 1082.0000
10227, 10227, 32310.0000
50032, 472, 899.0000
10295, 122, 399.0000
10277, 2432, 29751.0000
30355, 50754, 50767.0000
20182, 664, 1103.0000
30361, 40404, 40535.0000
10205, 10205, 28644.0000
20182, 662, 1103.0000
70846, 4757, 8925.0000
10293, 381, 776.0000
10265, 25346, 27732.0000
10265, 23744, 27732.0000
20182, 664, 1103.0000
10269, 763, 19195.0000
20182, 669, 1103.0000
80117, 33, 1082.0000
10128, 27767, 43366.0000
10280, 226, 469.0000
70846, 4823, 8925.0000
10277, 2448, 29751.0000
30361, 40448, 40535.0000
50097, 5419, 18880.0000
50112, 45, 133.0000
10265, 23833, 27732.0000
20148, 928, 990.0000
80117, 569, 1082.0000
10282, 10282, 16146.0000
70120, 963, 70120.0000
20161, 653, 1100.0000
10293, 399, 776.0000
80117, 105, 1082.0000
10277, 2462, 29751.0000
10131, 114, 160.0000
20148, 932, 990.0000
10128, 27614, 43366.0000
80117, 155, 1082.0000
70825, 31351, 72099.0000
50033, 4535, 4801.0000
70835, 38867, 38887.0000
10237, 223, 27703.0000
20185, 923, 4540.0000
80117, 3, 1082.0000
50097, 5384, 18880.0000
20182, 8, 1103.0000
80174, 1, 22.0000
80117, 165, 1082.0000
20137, 4137, 4663.0000
80164, 900, 902.0000
